xflr5 v6.46

 Calculated polar for: MH49_0

 1 1 Reynolds number fixed          Mach number fixed         

 xtrf =   1.000 (top)        1.000 (bottom)
 Mach =   0.000     Re =     0.100 e 6     Ncrit =   9.000

  alpha     CL        CD       CDp       Cm    Top Xtr Bot Xtr   Cpmin    Chinge    XCp    
 ------- -------- --------- --------- -------- ------- ------- -------- --------- ---------
    -90       0       .3          0      0         0      0       0         0          0
 -13.000  -0.7680   0.17192   0.16791   0.0778  1.0000  0.0819  -2.0302   0.0000   0.3424
 -12.500  -0.7467   0.16386   0.15987   0.0756  1.0000  0.0884  -1.9513   0.0000   0.3427
 -12.000  -0.7444   0.15500   0.15111   0.0692  1.0000  0.0928  -2.0423   0.0000   0.3349
 -11.500  -0.7388   0.14700   0.14318   0.0638  1.0000  0.1012  -2.0761   0.0000   0.3287
 -11.000  -0.7180   0.13816   0.13437   0.0622  1.0000  0.1088  -1.9886   0.0000   0.3294
 -10.500  -0.6367   0.12971   0.12635   0.0460  1.0000  0.1228  -1.9086   0.0000   0.3160
 -10.000  -0.6199   0.11968   0.11636   0.0434  1.0000  0.1276  -1.9008   0.0000   0.3141
  -9.500  -0.6394   0.10805   0.10483   0.0348  1.0000  0.1354  -2.0675   0.0000   0.2988
  -9.000  -0.6246   0.09744   0.09426   0.0310  1.0000  0.1391  -2.0761   0.0000   0.2943
  -8.500  -0.8336   0.06029   0.05614   0.0083  1.0000  0.0585  -3.7867   0.0000   0.2535
  -8.000  -0.7985   0.03985   0.03433   0.0022  1.0000  0.0508  -4.0711   0.0000   0.2466
  -7.500  -0.7656   0.02968   0.02324   0.0025  0.9319  0.0498  -4.0593   0.0000   0.2473
  -7.000  -0.7324   0.02350   0.01593   0.0057  0.9087  0.0506  -4.0052   0.0000   0.2520
  -6.500  -0.6888   0.01881   0.01091   0.0072  0.8918  0.0583  -3.7593   0.0000   0.2550
  -6.000  -0.6416   0.01516   0.00695   0.0089  0.8780  0.0713  -3.4957   0.0000   0.2586
  -5.500  -0.5975   0.01212   0.00408   0.0107  0.8656  0.1029  -3.1935   0.0000   0.2631
  -5.000  -0.5595   0.00951   0.00226   0.0130  0.8541  0.2503  -2.8939   0.0000   0.2688
  -4.500  -0.5151   0.00888   0.00181   0.0145  0.8429  0.3556  -2.4604   0.0000   0.2739
  -4.000  -0.4685   0.00821   0.00129   0.0160  0.8322  0.4427  -2.0352   0.0000   0.2803
  -3.500  -0.4205   0.00759   0.00093   0.0175  0.8217  0.5354  -1.6241   0.0000   0.2878
  -3.000  -0.3720   0.00710   0.00076   0.0192  0.8113  0.6400  -1.2676   0.0000   0.2982
  -2.500  -0.3193   0.00686   0.00083   0.0209  0.8008  0.7556  -0.9533   0.0000   0.3123
  -2.000  -0.2474   0.00706   0.00107   0.0198  0.7899  0.8606  -0.6820   0.0000   0.3266
  -1.500  -0.1513   0.00756   0.00130   0.0138  0.7783  0.9246  -0.5270   0.0000   0.3371
  -1.000  -0.0435   0.00791   0.00135   0.0043  0.7656  0.9679  -0.4034   0.0000   0.3414
  -0.500   0.0617   0.00784   0.00108  -0.0068  0.7509  1.0000  -0.3729   0.0000   0.3625
   0.000   0.1036   0.00805   0.00117  -0.0067  0.7361  1.0000  -0.4128   0.0000   0.3150
   0.500   0.1436   0.00838   0.00139  -0.0052  0.7213  1.0000  -0.4579   0.0000   0.2853
   1.000   0.1885   0.00886   0.00182  -0.0047  0.7037  1.0000  -0.5122   0.0000   0.2734
   1.500   0.2279   0.00929   0.00219  -0.0020  0.6872  1.0000  -0.5725   0.0000   0.2568
   2.000   0.2718   0.00980   0.00272  -0.0005  0.6670  1.0000  -0.6436   0.0000   0.2495
   2.500   0.3139   0.01024   0.00319   0.0019  0.6464  1.0000  -0.7258   0.0000   0.2412
   3.000   0.3554   0.01055   0.00353   0.0050  0.6252  1.0000  -0.8267   0.0000   0.2328
   3.500   0.3971   0.01065   0.00368   0.0086  0.6032  1.0000  -0.9498   0.0000   0.2248
   4.000   0.4397   0.01053   0.00363   0.0124  0.5797  1.0000  -1.0850   0.0000   0.2179
   4.500   0.4833   0.01011   0.00330   0.0166  0.5549  1.0000  -1.2570   0.0000   0.2114
   5.000   0.5276   0.00934   0.00256   0.0214  0.5288  1.0000  -1.5022   0.0000   0.2048
   5.500   0.5756   0.00864   0.00201   0.0248  0.4884  1.0000  -1.7726   0.0000   0.2018
   6.000   0.6235   0.00811   0.00142   0.0281  0.4295  1.0000  -2.1919   0.0000   0.1994
   6.500   0.6712   0.00872   0.00171   0.0295  0.3341  1.0000  -2.6414   0.0000   0.2000
   7.000   0.7153   0.01064   0.00312   0.0297  0.2368  1.0000  -3.1054   0.0000   0.2019
   7.500   0.7557   0.01322   0.00537   0.0300  0.1652  1.0000  -3.5434   0.0000   0.2032
   8.000   0.7932   0.01622   0.00818   0.0310  0.1191  1.0000  -3.9570   0.0000   0.2033
   8.500   0.8297   0.01991   0.01185   0.0326  0.0897  1.0000  -4.3240   0.0000   0.2025
   9.000   0.8657   0.02438   0.01644   0.0344  0.0715  1.0000  -4.6630   0.0000   0.2015
   9.500   0.8958   0.02960   0.02212   0.0360  0.0592  1.0000  -4.9573   0.0000   0.2005
  10.000   0.9136   0.03611   0.02917   0.0375  0.0517  1.0000  -5.1489   0.0000   0.1992
  10.500   0.9108   0.04387   0.03764   0.0388  0.0488  1.0000  -5.1646   0.0000   0.1971
  11.000   0.8783   0.05214   0.04643   0.0392  0.0487  1.0000  -5.0306   0.0000   0.1945
  11.500   0.8278   0.06315   0.05789   0.0360  0.0500  1.0000  -4.7715   0.0000   0.1949
  12.000   0.7744   0.07733   0.07235   0.0296  0.0518  1.0000  -4.4603   0.0000   0.1997
  12.500   0.7275   0.09350   0.08863   0.0215  0.0537  1.0000  -4.1263   0.0000   0.2079
  30.000   1.1385   0.36494   0.35962  -0.1568  0.0212  1.0000  -2.0447   0.0000   0.3488
    90       0       .3          0      0         0      0       0         0          0


